110 L 4 4
155 N 8 0
250 N 8 0
380 N 6 0
430 N 7 0
477 N 8 0
522 N 7 0
702 N 6 0
792 N 7 0
840 N 8 0
883 N 7 0
927 N 6 0
977 N 5 0
1023 N 4 0
1107 N 5 0
1156 N 3 0

1295 N 4 0
1336 N 6 0
1382 N 8 0
1427 N 7 0
1477 N 6 0
1522 N 7 0
1566 N 6 0
1615 N 4 0
1700 N 5 0
1750 N 3 0

1880 N 4 0
1928 N 6 0
1980 N 5 0
2025 N 7 0
2070 N 8 0
2113 N 6 0
2167 N 4 0
2214 N 4 0
2330 N 4 0
2383 N 2 0
2440 N 1 0


2825 S 0 0
3070 S 0 0

3305 S 0 0
3550 S 0 0
3670 N 4 0
3670 N 7 0
3805 N 5 0
3806 N 8 0
4000 N 2 0
4080 N 6 0
4120 N 8 0
4180 N 7 0
4240 N 5 0
4300 N 3 0

(TBC)

5265 N 4 0
5300 N 4 0
5380 N 4 0
5440 N 2 0
1 ?


5505 N 4 0
5545 N 8 0
5610 B 1 X
5625 N 8 0